>>writegraph3d planar <<
1 0 0 0 4 2 7
2 0 0 0 9 1 3
3 0 0 0 2 5 12
4 0 0 0 6 5 1
5 0 0 0 3 4 15
6 0 0 0 16 4 8
7 0 0 0 8 1 10
8 0 0 0 6 7 19
9 0 0 0 11 10 2
10 0 0 0 7 9 21
11 0 0 0 23 9 13
12 0 0 0 13 3 14
13 0 0 0 11 12 25
14 0 0 0 26 12 17
15 0 0 0 17 5 16
16 0 0 0 18 15 6
17 0 0 0 14 15 28
18 0 0 0 29 16 20
19 0 0 0 20 8 22
20 0 0 0 18 19 32
21 0 0 0 22 10 24
22 0 0 0 33 19 21
23 0 0 0 27 24 11
24 0 0 0 21 23 34
25 0 0 0 27 13 26
26 0 0 0 25 14 30
27 0 0 0 31 23 25
28 0 0 0 30 17 29
29 0 0 0 28 18 35
30 0 0 0 31 26 28
31 0 0 0 36 27 30
32 0 0 0 35 20 33
33 0 0 0 32 22 34
34 0 0 0 33 24 36
35 0 0 0 29 32 36
36 0 0 0 35 34 31
0
