>>writegraph3d planar <<
1 0 0 0 4 2 7
2 0 0 0 9 1 3
3 0 0 0 2 5 11
4 0 0 0 6 5 1
5 0 0 0 3 4 14
6 0 0 0 16 4 8
7 0 0 0 8 1 10
8 0 0 0 6 7 18
9 0 0 0 12 10 2
10 0 0 0 7 9 20
11 0 0 0 12 3 13
12 0 0 0 22 9 11
13 0 0 0 11 15 23
14 0 0 0 15 5 17
15 0 0 0 25 13 14
16 0 0 0 19 17 6
17 0 0 0 14 16 26
18 0 0 0 19 8 21
19 0 0 0 27 16 18
20 0 0 0 21 10 24
21 0 0 0 18 20 28
22 0 0 0 24 12 23
23 0 0 0 22 13 29
24 0 0 0 30 20 22
25 0 0 0 29 15 26
26 0 0 0 25 17 27
27 0 0 0 26 19 28
28 0 0 0 27 21 30
29 0 0 0 23 25 30
30 0 0 0 29 28 24
0
