>>writegraph3d planar <<
1 0 0 0 4 2 7
2 0 0 0 10 1 3
3 0 0 0 2 5 13
4 0 0 0 6 5 1
5 0 0 0 3 4 16
6 0 0 0 17 4 8
7 0 0 0 8 1 9
8 0 0 0 6 7 20
9 0 0 0 22 7 11
10 0 0 0 12 11 2
11 0 0 0 9 10 24
12 0 0 0 25 10 14
13 0 0 0 14 3 15
14 0 0 0 12 13 29
15 0 0 0 30 13 18
16 0 0 0 18 5 17
17 0 0 0 19 16 6
18 0 0 0 15 16 32
19 0 0 0 33 17 21
20 0 0 0 21 8 23
21 0 0 0 19 20 36
22 0 0 0 26 23 9
23 0 0 0 20 22 37
24 0 0 0 26 11 25
25 0 0 0 27 24 12
26 0 0 0 28 22 24
27 0 0 0 28 25 31
28 0 0 0 38 26 27
29 0 0 0 31 14 30
30 0 0 0 34 29 15
31 0 0 0 27 29 35
32 0 0 0 34 18 33
33 0 0 0 39 32 19
34 0 0 0 35 30 32
35 0 0 0 31 34 40
36 0 0 0 39 21 37
37 0 0 0 36 23 38
38 0 0 0 40 37 28
39 0 0 0 40 33 36
40 0 0 0 35 39 38
0
